Track,Slice,X,Y,Distance,Velocity,Pixel Value
0,1,,,,,
0,192,,,,,
1,1,711,924,73.024,36.512,-8684677
1,1,153,726,76.379,38.19,-8026747
1,54,789,945,-1,-1,161
1,54,741,891,9.32,4.66,132
2,1,630,816,-1,-1,-10724260
2,2,630,810,0.774,0.387,-9276814
2,3,636,804,1.095,0.547,-9605779
2,4,636,804,0,0,-9737365
2,5,636,804,0,0,-9408400
2,6,636,804,0,0,-9276814
2,7,636,804,0,0,-8816263
2,8,636,804,0,0,-8092540
2,9,636,804,0,0,-7697782
2,10,639,828,3.12,1.56,-10855846
2,11,639,828,0,0,-10263709
2,12,639,828,0,0,-10724260
2,13,639,828,0,0,-10197916
2,14,639,828,0,0,-10197916
2,15,639,828,0,0,-9211021
2,16,639,828,0,0,-9803158
2,17,639,828,0,0,-9803158
2,18,639,828,0,0,-10329502
2,19,642,828,0.387,0.193,-7237231
2,20,642,828,0,0,-6908266
2,21,642,828,0,0,-8224126
2,22,645,846,2.354,1.177,-10790053
2,23,645,846,0,0,-10724260
2,24,645,846,0,0,-10724260
2,25,645,846,0,0,-10395295
2,26,645,846,0,0,-9671572
2,27,645,846,0,0,-8947849
2,28,645,846,0,0,-8618884
2,29,645,846,0,0,-8553091
2,30,645,846,0,0,-8421505
2,31,645,846,0,0,-8421505
2,32,645,846,0,0,-8355712
2,33,645,846,0,0,-8553091
2,34,645,846,0,0,-9671572
2,35,645,846,0,0,-11842741
2,36,645,846,0,0,-11184811
2,37,645,846,0,0,-11974327
2,38,657,855,1.935,0.967,-8618884
2,39,657,855,0,0,-9539986
2,40,657,855,0,0,-9145228
2,41,657,858,0.387,0.193,-9737365
2,42,657,858,0,0,-10526881
2,43,657,858,0,0,-10000537
2,44,657,858,0,0,-10000537
2,57,774,906,16.314,8.157,-6908266
2,58,774,906,0,0,-9737365
2,59,774,906,0,0,-9342607
2,60,774,906,0,0,-9342607
2,61,774,906,0,0,-9079435
2,62,774,906,0,0,-9013642
2,63,774,906,0,0,-8750470
2,64,774,906,0,0,-6908266
2,65,774,906,0,0,-7631989
2,66,783,921,2.257,1.128,-7895161
2,67,783,921,0,0,-7895161
2,68,783,921,0,0,-8224126
2,69,783,921,0,0,-9868951
2,70,783,921,0,0,-8224126
2,71,783,921,0,0,-7960954
2,72,789,930,1.395,0.698,-8355712
2,73,789,930,0,0,-8355712
2,74,789,930,0,0,-8355712
2,75,789,930,0,0,-9145228
2,76,789,930,0,0,-9145228
2,77,789,930,0,0,-10592674
2,78,801,963,4.53,2.265,-9408400
2,79,801,963,0,0,-9276814
2,80,801,963,0,0,-8553091
2,81,801,963,0,0,-8553091
2,82,801,963,0,0,-9342607
2,83,786,957,2.084,1.042,-8289919
2,84,786,957,0,0,-8618884
2,85,786,957,0,0,-10197916
2,99,837,1098,19.342,9.671,-10592674
2,100,837,1098,0,0,-11053225
2,101,837,1098,0,0,-10592674
2,102,837,1098,0,0,-11184811
2,103,837,1098,0,0,-11184811
2,104,837,1098,0,0,-10658467
2,105,837,1098,0,0,-8816263
2,106,837,1098,0,0,-7895161
2,107,837,1098,0,0,-7303024
2,108,837,1098,0,0,-8882056
2,109,837,1098,0,0,-9079435
2,110,837,1098,0,0,-9079435
2,111,852,1101,1.973,0.987,-8158333
2,112,852,1101,0,0,-7960954
2,113,852,1101,0,0,-8882056
2,114,852,1101,0,0,-10000537
2,115,852,1101,0,0,-7697782
2,116,852,1101,0,0,-9211021
2,117,852,1122,2.709,1.355,-6974059
2,118,852,1122,0,0,-9079435
2,119,852,1122,0,0,-10855846
2,120,852,1122,0,0,-9671572
2,121,849,1158,4.66,2.33,-8816263
2,136,879,1251,12.606,6.303,-8684677
2,137,879,1251,0,0,-7895161
2,138,879,1251,0,0,-7960954
2,139,879,1251,0,0,-7960954
2,140,879,1251,0,0,-7631989
2,141,891,1263,2.189,1.095,-8355712
2,142,891,1263,0,0,-10921639
2,143,906,1272,2.257,1.128,-7631989
2,144,906,1272,0,0,-7303024
2,145,906,1272,0,0,-7829368
2,146,906,1272,0,0,-7829368
2,147,906,1272,0,0,-7434610
2,148,906,1272,0,0,-7368817
2,149,906,1272,0,0,-7434610
2,150,906,1272,0,0,-8487298
2,151,906,1272,0,0,-9671572
2,152,924,1275,2.354,1.177,-8553091
2,153,924,1275,0,0,-8553091
2,154,924,1275,0,0,-8684677
2,155,924,1275,0,0,-8158333
2,156,924,1275,0,0,-7368817
2,157,924,1275,0,0,-7434610
2,158,924,1275,0,0,-7895161
2,159,924,1275,0,0,-7631989
2,160,924,1275,0,0,-7631989
2,161,924,1275,0,0,-8092540
2,177,960,1326,8.053,4.026,-8487298
2,178,960,1326,0,0,-9605779
2,179,960,1326,0,0,-9671572
2,180,960,1326,0,0,-8421505
2,181,960,1326,0,0,-8816263
2,182,960,1326,0,0,-8816263
2,183,960,1326,0,0,-10000537
2,184,960,1326,0,0,-9342607
2,185,960,1326,0,0,-8816263
2,186,960,1326,0,0,-9013642
2,187,960,1326,0,0,-8421505
2,188,960,1326,0,0,-7631989
2,189,960,1326,0,0,-7960954
2,190,960,1326,0,0,-8618884
2,191,960,1326,0,0,-8684677
3,12,612,945,-1,-1,-9605779
3,13,612,945,0,0,-9145228
3,14,612,945,0,0,-9474193
3,15,612,945,0,0,-9013642
3,16,612,945,0,0,-8092540
3,17,612,945,0,0,-8092540
3,18,612,945,0,0,-9013642
3,19,597,960,2.737,1.368,-8553091
3,20,597,960,0,0,-8421505
3,21,597,960,0,0,-9737365
3,22,597,960,0,0,-10197916
3,23,597,960,0,0,-9934744
3,24,597,960,0,0,-9934744
3,25,597,960,0,0,-9342607
3,26,597,960,0,0,-9342607
3,27,597,960,0,0,-9211021
3,28,597,960,0,0,-9474193
3,29,597,960,0,0,-9803158
3,30,597,960,0,0,-9803158
3,31,597,960,0,0,-9803158
3,32,597,960,0,0,-8421505
3,33,597,960,0,0,-7566196
3,34,597,960,0,0,-8355712
3,35,597,960,0,0,-6710887
3,36,597,960,0,0,-8882056
3,37,597,960,0,0,-9342607
3,38,621,972,3.461,1.731,-10263709
3,39,621,972,0,0,-9539986
3,40,621,972,0,0,-9474193
3,41,621,972,0,0,-9276814
3,42,621,972,0,0,-8750470
3,43,621,972,0,0,-7303024
3,44,621,972,0,0,-9276814
3,45,621,972,0,0,-9079435
3,46,621,972,0,0,-9079435
3,47,621,972,0,0,-8947849
3,48,633,978,1.731,0.865,-10000537
3,49,633,978,0,0,-9342607
3,50,633,978,0,0,-8355712
3,51,633,978,0,0,-8618884
3,52,633,978,0,0,-8355712
3,53,633,978,0,0,-8355712
3,54,633,978,0,0,-9145228
3,55,633,978,0,0,-9276814
3,68,741,1044,16.328,8.164,-8882056
3,69,741,1044,0,0,-8816263
3,70,741,1044,0,0,-9539986
3,71,741,1044,0,0,-8882056
3,72,741,1044,0,0,-8947849
3,73,741,1044,0,0,-8684677
3,74,741,1044,0,0,-8684677
3,75,741,1044,0,0,-9145228
3,76,741,1044,0,0,-9013642
3,77,741,1044,0,0,-7829368
3,78,741,1044,0,0,-7829368
3,79,741,1044,0,0,-7500403
3,80,741,1044,0,0,-7500403
3,81,747,1071,3.568,1.784,-11842741
3,82,747,1071,0,0,-11842741
3,83,747,1071,0,0,-8421505
3,84,747,1071,0,0,-8684677
3,85,747,1071,0,0,-9276814
3,86,747,1071,0,0,-8355712
3,87,729,1065,2.448,1.224,-8947849
3,88,729,1065,0,0,-8947849
3,89,729,1065,0,0,-8947849
3,90,729,1065,0,0,-8947849
3,91,723,1098,4.327,2.163,-8684677
3,92,723,1098,0,0,-8092540
3,93,723,1098,0,0,-8289919
3,94,723,1098,0,0,-10921639
3,95,708,1095,1.973,0.987,-7171438
3,96,708,1095,0,0,-7171438
3,97,708,1095,0,0,-7566196
3,98,708,1095,0,0,-7566196
3,99,708,1095,0,0,-9342607
3,100,708,1095,0,0,-9276814
3,101,711,1095,0.387,0.193,-10263709
3,102,711,1110,1.935,0.967,-11053225
3,103,711,1110,0,0,-11053225
3,104,711,1110,0,0,-10000537
3,105,711,1110,0,0,-10592674
3,112,762,1215,15.058,7.529,-8882056
3,113,762,1215,0,0,-8487298
3,114,762,1215,0,0,-8684677
3,115,762,1215,0,0,-10592674
3,116,762,1215,0,0,-8816263
3,117,762,1215,0,0,-8816263
3,118,762,1215,0,0,-9868951
3,119,762,1215,0,0,-8947849
3,120,759,1233,2.354,1.177,-10132123
3,121,759,1233,0,0,-10724260
3,122,759,1233,0,0,-10592674
3,123,759,1233,0,0,-10263709
3,124,759,1233,0,0,-10263709
3,125,759,1233,0,0,-9079435
3,126,759,1233,0,0,-8947849
3,127,759,1233,0,0,-9671572
3,128,759,1242,1.161,0.581,-8816263
3,129,759,1242,0,0,-9145228
3,130,759,1242,0,0,-9145228
3,131,759,1242,0,0,-9145228
3,132,762,1242,0.387,0.193,-9211021
3,133,762,1239,0.387,0.193,-10066330
3,134,759,1263,3.12,1.56,-9474193
3,135,759,1263,0,0,-9342607
3,136,759,1263,0,0,-8684677
3,137,759,1263,0,0,-8816263
3,138,759,1269,0.774,0.387,-9276814
3,150,834,1374,16.646,8.323,-9276814
3,151,834,1374,0,0,-8355712
3,152,834,1374,0,0,-8553091
3,153,834,1374,0,0,-8553091
3,154,834,1374,0,0,-9145228
3,155,834,1374,0,0,-10066330
3,156,834,1374,0,0,-10000537
3,157,834,1374,0,0,-10263709
3,158,834,1374,0,0,-10395295
3,159,834,1374,0,0,-10000537
3,160,834,1374,0,0,-10000537
3,161,834,1374,0,0,-10066330
3,162,834,1374,0,0,-9868951
3,163,834,1374,0,0,-8947849
3,164,834,1374,0,0,-9276814
3,165,834,1374,0,0,-8750470
3,166,834,1374,0,0,-9868951
3,167,834,1374,0,0,-9868951
3,168,834,1374,0,0,-9934744
3,169,834,1374,0,0,-10263709
3,170,834,1374,0,0,-10395295
3,171,834,1374,0,0,-10526881
3,172,834,1374,0,0,-10395295
3,173,834,1374,0,0,-10000537
3,174,834,1374,0,0,-10000537
3,175,834,1359,1.935,0.967,-9079435
3,176,834,1359,0,0,-9605779
3,177,834,1359,0,0,-9737365
3,178,834,1359,0,0,-9605779
3,179,834,1359,0,0,-9342607
3,180,834,1359,0,0,-9276814
3,181,834,1359,0,0,-9605779
3,182,834,1359,0,0,-9605779
3,183,834,1359,0,0,-8947849
3,184,834,1359,0,0,-9145228
3,185,834,1359,0,0,-9276814
3,186,834,1359,0,0,-9671572
3,187,834,1359,0,0,-10132123
3,188,834,1359,0,0,-9737365
3,189,822,1368,1.935,0.967,-8553091
3,190,822,1368,0,0,-12105913
4,1,477,705,-1,-1,-10526881
4,2,477,705,0,0,-10000537
4,3,480,708,0.547,0.274,-9671572
4,4,480,708,0,0,-8684677
4,5,486,732,3.191,1.596,-9342607
4,6,486,732,0,0,-8684677
4,7,486,732,0,0,-10724260
4,16,603,795,17.142,8.571,-9474193
4,17,603,795,0,0,-9474193
4,18,603,795,0,0,-8750470
4,19,603,795,0,0,-7895161
4,20,603,795,0,0,-9013642
4,21,603,795,0,0,-9474193
4,22,594,792,1.224,0.612,-10263709
4,23,594,792,0,0,-9211021
4,24,594,792,0,0,-9211021
4,25,594,792,0,0,-7960954
4,26,585,777,2.257,1.128,-10197916
4,27,585,777,0,0,-10395295
4,28,585,777,0,0,-10263709
4,29,585,777,0,0,-10461088
4,30,585,777,0,0,-10197916
4,31,585,777,0,0,-10197916
4,32,585,777,0,0,-10263709
4,33,585,777,0,0,-9342607
4,34,585,777,0,0,-9474193
4,35,585,777,0,0,-8684677
4,36,603,789,2.791,1.395,-9474193
4,37,603,789,0,0,-10592674
4,38,603,789,0,0,-10592674
4,39,603,789,0,0,-9408400
4,40,603,789,0,0,-7763575
4,41,603,789,0,0,-7631989
4,42,603,789,0,0,-7303024
4,43,603,789,0,0,-7631989
4,44,603,789,0,0,-7434610
4,45,603,789,0,0,-8026747
4,46,603,789,0,0,-8026747
4,47,615,792,1.596,0.798,-8684677
4,48,615,792,0,0,-7434610
4,49,615,792,0,0,-9605779
4,50,621,798,1.095,0.547,-7895161
4,51,621,798,0,0,-8289919
4,52,621,798,0,0,-8816263
4,53,621,801,0.387,0.193,-9276814
4,54,621,801,0,0,-9145228
4,55,621,801,0,0,-9013642
4,56,621,801,0,0,-9145228
4,57,621,801,0,0,-9145228
4,58,630,810,1.642,0.821,-9474193
4,59,630,810,0,0,-7434610
4,60,630,810,0,0,-7434610
4,61,633,828,2.354,1.177,-8553091
4,62,633,828,0,0,-10461088
4,63,645,834,1.731,0.865,-9539986
4,64,645,834,0,0,-10263709
4,65,645,834,0,0,-10526881
4,66,669,840,3.191,1.596,-8158333
4,72,738,891,11.068,5.534,-10592674
4,73,738,891,0,0,-10197916
4,74,738,891,0,0,-10197916
4,75,738,891,0,0,-9737365
4,76,738,891,0,0,-9342607
4,77,738,891,0,0,-10461088
4,78,738,891,0,0,-9934744
4,79,738,891,0,0,-10263709
4,80,738,891,0,0,-10132123
4,81,738,891,0,0,-10132123
4,82,738,891,0,0,-10526881
4,83,738,891,0,0,-9803158
4,84,738,891,0,0,-10329502
4,85,738,891,0,0,-11184811
4,86,738,891,0,0,-10724260
4,87,738,891,0,0,-10461088
4,88,738,891,0,0,-10461088
4,89,738,891,0,0,-10658467
4,90,738,891,0,0,-8092540
4,91,738,891,0,0,-10197916
4,92,756,918,4.186,2.093,-9145228
4,93,756,918,0,0,-7763575
4,94,756,918,0,0,-7631989
4,95,756,918,0,0,-9671572
4,96,750,963,5.856,2.928,-7960954
4,97,750,963,0,0,-7895161
4,98,750,963,0,0,-9145228
4,99,750,963,0,0,-11119018
4,100,750,963,0,0,-9342607
4,101,750,963,0,0,-10000537
4,102,750,963,0,0,-10000537
4,103,774,945,3.87,1.935,-9342607
4,104,774,945,0,0,-8947849
4,105,774,945,0,0,-8158333
4,106,774,945,0,0,-9145228
4,107,774,945,0,0,-9276814
4,108,777,966,2.737,1.368,-10724260
4,109,777,966,0,0,-10987432
4,110,792,960,2.084,1.042,-8421505
4,111,792,960,0,0,-8289919
4,112,792,960,0,0,-8487298
4,123,831,1080,16.277,8.139,-10461088
4,124,831,1080,0,0,-10461088
4,125,831,1080,0,0,-8487298
4,126,831,1080,0,0,-7895161
4,127,831,1080,0,0,-7895161
4,128,831,1080,0,0,-8355712
4,129,837,1098,2.448,1.224,-9868951
4,130,837,1098,0,0,-10066330
4,131,837,1098,0,0,-10066330
4,132,837,1098,0,0,-10197916
4,133,837,1098,0,0,-11250604
4,134,837,1098,0,0,-11513776
4,135,837,1098,0,0,-11250604
4,136,837,1098,0,0,-9474193
4,137,837,1098,0,0,-6645094
4,138,837,1098,0,0,-7500403
4,139,837,1098,0,0,-7500403
4,140,834,1110,1.596,0.798,-7566196
4,141,834,1110,0,0,-10000537
4,142,834,1110,0,0,-8816263
4,143,858,1128,3.87,1.935,-9276814
4,144,858,1128,0,0,-10000537
4,145,861,1149,2.737,1.368,-9934744
4,146,861,1149,0,0,-9934744
4,147,861,1149,0,0,-9605779
4,148,861,1149,0,0,-9342607
4,149,861,1149,0,0,-8882056
4,150,861,1149,0,0,-9276814
4,151,861,1149,0,0,-9474193
4,152,861,1149,0,0,-9605779
4,153,861,1149,0,0,-9605779
4,154,885,1143,3.191,1.596,-9934744
4,155,870,1149,2.084,1.042,-8224126
4,156,870,1149,0,0,-8026747
4,157,870,1149,0,0,-7895161
4,158,870,1149,0,0,-8684677
4,159,870,1149,0,0,-8947849
4,160,861,1149,1.161,0.581,-10263709
4,161,861,1149,0,0,-9868951
4,162,867,1161,1.731,0.865,-8224126
4,163,867,1161,0,0,-9079435
4,164,867,1161,0,0,-9145228
4,165,867,1161,0,0,-9013642
4,166,867,1161,0,0,-9145228
4,167,867,1161,0,0,-9145228
4,168,867,1161,0,0,-10263709
4,169,867,1161,0,0,-10263709
4,170,885,1158,2.354,1.177,-8750470
4,171,885,1158,0,0,-8816263
4,172,885,1158,0,0,-8553091
4,173,879,1167,1.395,0.698,-9342607
4,174,879,1167,0,0,-9342607
4,175,879,1167,0,0,-9605779
4,176,879,1167,0,0,-9803158
4,177,879,1167,0,0,-9934744
4,178,879,1167,0,0,-9276814
4,179,879,1167,0,0,-9013642
4,180,879,1167,0,0,-8487298
4,181,879,1167,0,0,-8684677
4,182,879,1167,0,0,-8684677
4,183,879,1167,0,0,-9145228
4,184,879,1167,0,0,-10724260
4,190,930,1239,11.382,5.691,-8882056
4,191,930,1239,0,0,-8355712
5,1,450,849,-1,-1,-8092540
5,2,450,849,0,0,-8092540
5,3,450,849,0,0,-8092540
5,4,450,849,0,0,-8224126
5,5,450,849,0,0,-8026747
5,6,450,849,0,0,-8158333
5,7,450,849,0,0,-8553091
5,8,450,849,0,0,-8618884
5,9,477,852,3.504,1.752,-9671572
5,10,477,852,0,0,-9671572
5,11,477,852,0,0,-10132123
5,12,477,852,0,0,-9145228
5,13,477,852,0,0,-9276814
5,14,477,852,0,0,-7895161
5,15,462,864,2.478,1.239,-10461088
5,16,462,864,0,0,-8487298
5,17,462,864,0,0,-8487298
5,18,462,864,0,0,-9276814
5,19,462,864,0,0,-9474193
5,20,477,870,2.084,1.042,-9671572
5,21,477,870,0,0,-9276814
5,22,477,870,0,0,-8882056
5,23,477,870,0,0,-10263709
5,30,552,936,12.888,6.444,-7237231
5,31,552,936,0,0,-7237231
5,32,552,936,0,0,-7566196
5,33,552,936,0,0,-8224126
5,34,552,936,0,0,-7763575
5,35,552,936,0,0,-8421505
5,36,552,936,0,0,-8224126
5,37,552,936,0,0,-7895161
5,38,552,936,0,0,-7895161
5,39,552,936,0,0,-7763575
5,40,552,936,0,0,-8224126
5,41,552,936,0,0,-9079435
5,42,552,936,0,0,-9539986
5,43,552,936,0,0,-9605779
5,44,552,936,0,0,-9671572
5,45,552,936,0,0,-9605779
5,46,549,942,0.865,0.433,-10066330
5,47,549,945,0.387,0.194,-10395295
5,48,549,945,0,0,-11119018
5,49,549,945,0,0,-11119018
5,50,549,945,0,0,-9803158
5,51,549,945,0,0,-9145228
5,52,549,945,0,0,-8816263
5,53,549,945,0,0,-8816263
5,54,549,945,0,0,-8026747
5,55,549,945,0,0,-7895161
5,56,549,945,0,0,-8224126
5,57,552,942,0.547,0.274,-9868951
5,58,552,942,0,0,-11316397
5,59,561,960,2.596,1.298,-8947849
5,60,561,960,0,0,-8947849
5,61,561,960,0,0,-8355712
5,62,576,957,1.973,0.987,-9342607
5,84,690,1041,18.267,9.134,-9145228
5,85,690,1041,0,0,-8684677
5,86,690,1041,0,0,-8947849
5,87,681,1047,1.395,0.698,-10000537
5,88,672,1044,1.224,0.612,-10132123
5,89,672,1044,0,0,-9803158
5,90,672,1044,0,0,-9211021
5,91,672,1044,0,0,-8750470
5,92,672,1044,0,0,-9671572
5,93,672,1044,0,0,-9671572
5,94,672,1044,0,0,-10132123
5,95,672,1044,0,0,-10461088
5,96,672,1044,0,0,-10461088
5,97,672,1044,0,0,-10395295
5,98,672,1044,0,0,-10592674
5,99,672,1044,0,0,-11316397
5,100,672,1044,0,0,-11053225
5,101,672,1044,0,0,-9539986
5,102,672,1044,0,0,-9474193
5,103,672,1044,0,0,-9474193
5,104,672,1044,0,0,-9145228
5,105,672,1044,0,0,-9276814
5,106,672,1044,0,0,-10066330
5,107,672,1044,0,0,-10461088
5,108,672,1044,0,0,-9605779
5,109,672,1044,0,0,-9276814
5,110,681,1056,1.935,0.968,-7368817
5,111,681,1056,0,0,-6776680
5,112,681,1056,0,0,-6381922
5,113,690,1074,2.596,1.298,-8553091
5,114,690,1074,0,0,-7895161
5,115,690,1074,0,0,-8816263
5,116,690,1074,0,0,-8947849
5,117,690,1074,0,0,-8947849
5,118,687,1080,0.865,0.433,-8355712
5,119,687,1080,0,0,-9145228
5,120,687,1080,0,0,-11184811
5,121,687,1110,3.87,1.935,-10197916
5,122,687,1110,0,0,-8816263
5,123,687,1110,0,0,-7171438
5,124,687,1110,0,0,-7171438
5,125,687,1110,0,0,-7895161
5,134,738,1212,14.711,7.356,-7895161
5,135,738,1212,0,0,-8684677
5,136,738,1212,0,0,-9013642
5,137,738,1212,0,0,-8026747
5,138,738,1212,0,0,-9276814
5,139,738,1212,0,0,-9276814
5,140,738,1212,0,0,-9539986
5,141,738,1212,0,0,-9211021
5,142,738,1212,0,0,-8882056
5,143,738,1212,0,0,-6974059
5,144,738,1212,0,0,-7368817
5,145,738,1212,0,0,-9013642
5,146,738,1212,0,0,-9013642
5,147,738,1227,1.935,0.968,-8553091
5,148,738,1227,0,0,-7895161
5,149,738,1227,0,0,-8026747
5,150,738,1227,0,0,-7763575
5,151,738,1227,0,0,-8224126
5,152,738,1227,0,0,-8355712
5,153,738,1227,0,0,-8355712
5,154,759,1233,2.817,1.409,-9211021
5,155,759,1233,0,0,-8684677
5,156,759,1233,0,0,-7631989
5,157,759,1233,0,0,-7697782
5,158,759,1233,0,0,-7895161
5,159,759,1233,0,0,-8289919
5,160,759,1233,0,0,-8289919
5,161,759,1233,0,0,-9276814
5,162,759,1233,0,0,-9803158
5,163,759,1233,0,0,-10921639
5,164,759,1233,0,0,-11645362
5,165,759,1233,0,0,-11053225
5,166,759,1233,0,0,-10790053
5,167,759,1233,0,0,-10790053
5,168,759,1233,0,0,-10724260
5,169,759,1233,0,0,-10921639
5,170,759,1233,0,0,-11316397
5,171,759,1233,0,0,-11316397
5,172,759,1233,0,0,-10592674
5,173,759,1233,0,0,-10395295
5,174,759,1233,0,0,-10395295
5,175,756,1260,3.504,1.752,-8553091
5,176,756,1260,0,0,-9211021
5,177,756,1260,0,0,-9145228
6,1,336,681,-1,-1,-7960954
6,2,336,681,0,0,-9671572
6,3,348,684,1.596,0.798,-8487298
6,4,348,684,0,0,-9605779
6,5,348,684,0,0,-10132123
6,6,348,684,0,0,-10066330
6,7,348,684,0,0,-9737365
6,8,348,684,0,0,-9803158
6,9,348,684,0,0,-9276814
6,10,348,684,0,0,-9276814
6,11,357,684,1.161,0.581,-7763575
6,12,357,684,0,0,-8684677
6,13,357,684,0,0,-9868951
6,14,357,684,0,0,-11119018
6,15,357,684,0,0,-11184811
6,16,360,684,0.387,0.194,-10987432
6,17,360,684,0,0,-10987432
6,18,360,684,0,0,-10395295
6,31,486,723,17.015,8.507,-9079435
6,32,486,723,0,0,-8947849
6,33,486,723,0,0,-9342607
6,34,486,723,0,0,-10066330
6,35,486,723,0,0,-9803158
6,36,486,723,0,0,-9342607
6,37,486,723,0,0,-7763575
6,38,486,723,0,0,-7763575
6,39,477,723,1.161,0.581,-9342607
6,40,477,723,0,0,-8553091
6,41,477,723,0,0,-8618884
6,42,477,723,0,0,-7434610
6,43,477,723,0,0,-8158333
6,44,477,723,0,0,-9342607
6,45,477,723,0,0,-9276814
6,46,477,723,0,0,-9276814
6,47,477,723,0,0,-9276814
6,48,477,723,0,0,-9803158
6,49,477,723,0,0,-7566196
6,50,477,723,0,0,-6645094
6,51,519,729,5.473,2.737,-9803158
6,52,519,729,0,0,-8816263
6,53,519,729,0,0,-8816263
6,54,519,729,0,0,-8487298
6,55,519,729,0,0,-8355712
6,56,519,729,0,0,-8421505
6,57,504,735,2.084,1.042,-10197916
6,58,504,735,0,0,-8355712
6,59,504,735,0,0,-9605779
6,60,504,735,0,0,-9605779
6,61,528,759,4.378,2.189,-9342607
6,62,528,759,0,0,-9342607
6,63,528,759,0,0,-8816263
6,64,528,759,0,0,-9539986
6,65,543,765,2.084,1.042,-8421505
6,66,543,765,0,0,-7895161
6,67,543,765,0,0,-7895161
6,68,543,765,0,0,-6842473
6,69,543,765,0,0,-8816263
6,70,543,765,0,0,-10592674
6,71,543,789,3.096,1.548,-7895161
6,72,543,789,0,0,-8158333
6,73,543,789,0,0,-8553091
6,74,543,789,0,0,-8553091
6,75,543,789,0,0,-8289919
6,76,543,789,0,0,-8289919
6,77,543,789,0,0,-7763575
6,90,666,858,18.193,9.097,-9342607
6,91,666,858,0,0,-9737365
6,92,666,858,0,0,-10066330
6,93,666,858,0,0,-8421505
6,94,666,858,0,0,-10066330
6,95,666,858,0,0,-8487298
6,96,666,858,0,0,-8487298
6,97,666,858,0,0,-8947849
6,98,666,858,0,0,-11119018
6,99,666,858,0,0,-10592674
6,100,666,858,0,0,-10395295
6,101,666,858,0,0,-10263709
6,102,666,858,0,0,-9671572
6,103,666,858,0,0,-9671572
6,104,666,858,0,0,-9934744
6,105,666,858,0,0,-8355712
6,106,666,858,0,0,-8224126
6,107,666,858,0,0,-8092540
6,108,684,855,2.354,1.177,-9079435
6,109,684,855,0,0,-8158333
6,110,684,855,0,0,-8158333
6,111,684,855,0,0,-8224126
6,112,687,855,0.387,0.194,-8026747
6,113,687,855,0,0,-11119018
6,114,693,867,1.731,0.865,-8816263
6,115,690,888,2.737,1.368,-10658467
6,116,690,888,0,0,-8026747
6,117,690,888,0,0,-8026747
6,118,690,888,0,0,-8289919
6,119,690,888,0,0,-10395295
6,120,690,888,0,0,-9737365
6,121,708,891,2.354,1.177,-9539986
6,122,708,891,0,0,-9079435
6,123,708,900,1.161,0.581,-6908266
6,124,708,900,0,0,-6908266
6,136,771,1005,15.796,7.898,-8684677
6,137,771,1005,0,0,-8816263
6,138,771,1005,0,0,-9408400
6,139,771,1005,0,0,-9408400
6,140,771,1005,0,0,-9868951
6,141,771,1005,0,0,-9671572
6,142,771,1005,0,0,-7631989
6,143,771,1005,0,0,-8553091
6,144,804,1011,4.327,2.163,-9276814
6,145,804,1011,0,0,-9737365
6,146,804,1011,0,0,-9737365
6,147,804,1014,0.387,0.194,-8421505
6,148,804,1014,0,0,-8816263
6,149,804,1014,0,0,-8684677
6,150,804,1014,0,0,-9145228
6,151,804,1014,0,0,-10263709
6,152,804,1017,0.387,0.194,-9474193
6,153,804,1017,0,0,-9474193
6,154,804,1017,0,0,-10066330
6,155,804,1029,1.548,0.774,-9803158
6,156,804,1029,0,0,-10461088
6,157,804,1029,0,0,-10395295
6,158,804,1029,0,0,-10461088
6,159,804,1029,0,0,-10263709
6,160,804,1029,0,0,-10263709
6,161,804,1029,0,0,-9934744
6,162,804,1029,0,0,-9671572
6,163,804,1029,0,0,-8684677
6,164,807,1062,4.275,2.137,-8618884
6,165,807,1062,0,0,-8224126
6,166,807,1062,0,0,-7303024
6,167,807,1062,0,0,-7303024
6,168,807,1062,0,0,-7763575
6,169,807,1062,0,0,-8421505
6,170,807,1062,0,0,-9474193
6,171,807,1062,0,0,-9539986
6,172,807,1062,0,0,-9803158
6,173,807,1062,0,0,-9803158
6,174,807,1062,0,0,-9803158
6,175,807,1062,0,0,-9145228
6,176,807,1062,0,0,-8355712
6,177,807,1062,0,0,-8684677
6,178,807,1062,0,0,-10263709
6,179,807,1062,0,0,-10197916
6,180,807,1062,0,0,-9539986
6,181,807,1062,0,0,-9671572
6,182,807,1062,0,0,-9671572
6,183,807,1062,0,0,-10395295
6,184,807,1062,0,0,-9013642
6,185,807,1062,0,0,-8553091
6,186,807,1062,0,0,-8750470
6,187,807,1062,0,0,-8947849
6,188,807,1062,0,0,-9342607
6,189,807,1062,0,0,-10263709
6,190,807,1062,0,0,-10790053
6,191,807,1062,0,0,-8289919
7,1,327,846,-1,-1,-7895161
7,2,327,846,0,0,-8487298
7,3,327,846,0,0,-8487298
7,4,327,846,0,0,-8289919
7,5,327,846,0,0,-9145228
7,6,327,846,0,0,-9934744
7,7,327,846,0,0,-10000537
7,8,327,846,0,0,-9539986
7,9,327,846,0,0,-10066330
7,10,336,843,1.224,0.612,-9342607
7,11,336,843,0,0,-9145228
7,12,336,843,0,0,-9671572
7,13,336,843,0,0,-9803158
7,14,336,843,0,0,-9934744
7,15,345,831,1.935,0.968,-6316129
7,16,345,831,0,0,-6842473
7,17,345,831,0,0,-6842473
7,18,345,831,0,0,-7631989
7,19,345,831,0,0,-7303024
7,20,351,837,1.095,0.547,-8750470
7,21,351,837,0,0,-7500403
7,22,351,837,0,0,-7434610
7,23,351,837,0,0,-7763575
7,24,351,837,0,0,-7763575
7,25,351,837,0,0,-7303024
7,26,351,837,0,0,-7631989
7,27,351,837,0,0,-7763575
7,28,351,837,0,0,-7895161
7,29,351,837,0,0,-8026747
7,30,351,837,0,0,-8355712
7,31,351,837,0,0,-8355712
7,32,351,837,0,0,-9211021
7,33,351,837,0,0,-8816263
7,34,351,837,0,0,-9474193
7,45,483,894,18.548,9.274,-8158333
7,46,483,894,0,0,-8158333
7,47,483,894,0,0,-8355712
7,48,483,894,0,0,-8947849
7,49,483,894,0,0,-10132123
7,50,483,894,0,0,-9211021
7,51,483,894,0,0,-8355712
7,52,483,894,0,0,-5855578
7,53,483,894,0,0,-5855578
7,54,483,894,0,0,-5921371
7,55,483,894,0,0,-6052957
7,56,483,894,0,0,-6447715
7,57,483,894,0,0,-8158333
7,58,483,894,0,0,-9934744
7,59,483,894,0,0,-10461088
7,60,483,894,0,0,-10461088
7,61,483,894,0,0,-9605779
7,62,483,894,0,0,-10197916
7,63,483,894,0,0,-9079435
7,64,483,894,0,0,-8618884
7,65,483,894,0,0,-6842473
7,66,489,909,2.084,1.042,-8487298
7,67,489,909,0,0,-8487298
7,68,489,909,0,0,-7171438
7,69,489,909,0,0,-8553091
7,70,489,909,0,0,-9276814
7,71,489,909,0,0,-9605779
7,72,495,915,1.095,0.547,-10592674
7,73,495,915,0,0,-10855846
7,74,495,915,0,0,-10855846
7,75,495,915,0,0,-10461088
7,76,495,915,0,0,-10329502
7,77,495,915,0,0,-11447983
7,78,495,915,0,0,-11119018
7,79,495,915,0,0,-10724260
7,80,495,915,0,0,-10132123
7,81,495,915,0,0,-10132123
7,82,495,915,0,0,-8684677
7,83,495,915,0,0,-10461088
7,84,495,915,0,0,-9013642
7,85,495,915,0,0,-9145228
7,86,495,915,0,0,-10724260
7,87,495,915,0,0,-11184811
7,88,495,915,0,0,-11184811
7,89,495,915,0,0,-9803158
7,90,495,915,0,0,-8882056
7,91,495,915,0,0,-7763575
7,92,531,942,5.805,2.902,-7631989
7,93,531,942,0,0,-8882056
7,94,531,942,0,0,-8355712
7,95,531,942,0,0,-8092540
7,96,531,942,0,0,-8092540
7,97,549,945,2.354,1.177,-9276814
7,98,549,945,0,0,-8026747
7,99,549,945,0,0,-9737365
7,100,549,945,0,0,-10395295
7,106,618,1020,13.147,6.573,-9605779
7,107,618,1020,0,0,-8816263
7,108,618,1020,0,0,-9276814
7,109,618,1020,0,0,-9803158
7,110,618,1020,0,0,-9803158
7,111,618,1020,0,0,-9276814
7,112,618,1020,0,0,-9408400
7,113,618,1020,0,0,-8224126
7,114,618,1020,0,0,-10000537
7,115,618,1020,0,0,-10000537
7,116,597,1035,3.329,1.665,-8224126
7,117,597,1035,0,0,-8224126
7,118,597,1035,0,0,-7631989
7,119,597,1035,0,0,-7303024
7,120,597,1035,0,0,-7631989
7,121,597,1035,0,0,-7763575
7,122,597,1035,0,0,-9013642
7,123,597,1035,0,0,-8355712
7,124,597,1035,0,0,-8355712
7,125,597,1035,0,0,-9145228
7,126,597,1035,0,0,-9671572
7,127,597,1035,0,0,-9342607
7,128,597,1035,0,0,-10066330
7,129,597,1035,0,0,-8684677
7,130,597,1035,0,0,-7303024
7,131,609,1038,1.596,0.798,-7566196
7,132,609,1038,0,0,-7303024
7,133,609,1038,0,0,-7829368
7,134,609,1038,0,0,-8684677
7,135,609,1038,0,0,-8816263
7,136,618,1053,2.257,1.128,-6842473
7,137,618,1053,0,0,-7631989
7,138,618,1053,0,0,-7895161
7,139,618,1053,0,0,-7895161
7,140,639,1071,3.568,1.784,-8158333
7,141,639,1071,0,0,-11842741
7,142,639,1071,0,0,-11382190
7,159,720,1206,20.309,10.155,-10197916
7,160,720,1206,0,0,-10197916
7,161,720,1206,0,0,-9803158
7,162,720,1206,0,0,-9934744
7,163,720,1206,0,0,-9671572
7,164,720,1206,0,0,-8947849
7,165,717,1206,0.387,0.194,-10000537
7,166,717,1206,0,0,-10461088
7,167,708,1197,1.642,0.821,-10395295
7,168,708,1197,0,0,-10658467
7,169,708,1197,0,0,-10592674
7,170,708,1197,0,0,-10000537
7,171,708,1197,0,0,-9803158
7,172,708,1197,0,0,-9276814
7,173,708,1197,0,0,-9342607
7,174,708,1197,0,0,-9342607
7,175,708,1197,0,0,-9539986
7,176,708,1197,0,0,-9671572
7,177,708,1197,0,0,-10000537
7,178,708,1197,0,0,-9408400
7,179,708,1197,0,0,-8882056
7,180,708,1197,0,0,-8289919
7,181,708,1197,0,0,-9013642
7,182,708,1197,0,0,-9013642
7,183,708,1197,0,0,-7829368
7,184,708,1197,0,0,-8224126
7,185,708,1197,0,0,-8092540
7,186,708,1197,0,0,-8553091
7,187,708,1197,0,0,-8289919
7,188,708,1197,0,0,-8553091
7,189,708,1197,0,0,-8092540
7,190,708,1197,0,0,-9145228
7,191,708,1197,0,0,-7763575
7,192,708,1197,0,0,-7763575
7,193,708,1197,0,0,-7171438
7,194,714,1197,0.774,0.387,-9474193
7,195,714,1197,0,0,-10197916
7,196,714,1197,0,0,-10263709
7,197,714,1197,0,0,-7631989
8,20,219,681,-1,-1,-9342607
8,21,219,681,0,0,-9013642
8,22,219,681,0,0,-9803158
8,23,219,681,0,0,-8684677
8,24,219,681,0,0,-8684677
8,25,219,681,0,0,-6842473
8,26,219,681,0,0,-6710887
8,27,231,687,1.731,0.865,-8355712
8,28,231,687,0,0,-8355712
8,29,231,687,0,0,-8026747
8,30,231,687,0,0,-7895161
8,31,231,687,0,0,-7895161
8,32,231,687,0,0,-8092540
8,33,231,687,0,0,-7960954
8,34,231,687,0,0,-8026747
8,35,231,687,0,0,-9145228
8,36,231,687,0,0,-7697782
8,37,231,687,0,0,-9474193
8,38,231,687,0,0,-9474193
8,39,231,687,0,0,-7829368
8,40,231,687,0,0,-10263709
8,41,255,693,3.191,1.596,-9342607
8,42,255,693,0,0,-9342607
8,43,255,693,0,0,-9211021
8,44,255,693,0,0,-8750470
8,45,255,693,0,0,-8750470
8,46,255,693,0,0,-8750470
8,47,276,696,2.737,1.368,-8816263
8,48,276,696,0,0,-10197916
8,49,276,696,0,0,-5855578
8,50,276,696,0,0,-6316129
8,51,276,696,0,0,-7171438
8,52,276,696,0,0,-7171438
8,53,276,696,0,0,-7171438
8,54,276,696,0,0,-9342607
8,55,294,699,2.354,1.177,-10526881
8,56,294,699,0,0,-10263709
8,57,294,699,0,0,-10066330
8,58,294,699,0,0,-8684677
8,59,294,699,0,0,-10790053
8,60,294,699,0,0,-10790053
8,77,399,750,15.058,7.529,-8092540
8,78,399,750,0,0,-7829368
8,79,399,750,0,0,-8553091
8,80,399,750,0,0,-8355712
8,81,399,750,0,0,-8355712
8,82,399,750,0,0,-7697782
8,83,399,750,0,0,-8750470
8,84,399,750,0,0,-8355712
8,85,399,750,0,0,-9868951
8,86,399,750,0,0,-10395295
8,87,399,750,0,0,-8355712
8,88,399,750,0,0,-8355712
8,89,399,750,0,0,-7960954
8,90,399,750,0,0,-9408400
8,91,426,756,3.568,1.784,-10395295
8,92,426,756,0,0,-10263709
8,93,426,756,0,0,-7434610
8,94,426,756,0,0,-4737097
8,95,426,756,0,0,-8684677
8,96,426,756,0,0,-8684677
8,97,432,756,0.774,0.387,-5987164
8,98,432,756,0,0,-7237231
8,99,432,756,0,0,-10263709
8,100,432,756,0,0,-9079435
8,101,432,756,0,0,-9145228
8,102,432,756,0,0,-10592674
8,103,441,759,1.224,0.612,-6513508
8,104,441,759,0,0,-7763575
8,105,441,759,0,0,-10790053
8,134,546,819,15.6,7.8,-8750470
8,135,546,819,0,0,-8224126
8,136,546,819,0,0,-9605779
8,137,546,819,0,0,-9408400
8,138,564,846,4.186,2.093,-8026747
8,139,564,846,0,0,-8026747
8,140,564,846,0,0,-7237231
8,141,564,846,0,0,-8092540
8,142,564,846,0,0,-8092540
8,155,627,909,11.493,5.747,-7368817
8,156,627,909,0,0,-6250336
8,157,627,909,0,0,-8487298
8,158,627,909,0,0,-10000537
8,159,627,909,0,0,-9408400
8,175,669,939,6.658,3.329,-9671572
8,176,669,939,0,0,-10132123
8,177,669,939,0,0,-10658467
8,178,669,939,0,0,-10526881
8,179,669,939,0,0,-10197916
8,180,669,939,0,0,-10329502
8,181,669,939,0,0,-10461088
8,182,669,939,0,0,-10461088
8,183,669,939,0,0,-9671572
8,184,669,939,0,0,-7895161
8,185,669,939,0,0,-7434610
8,186,669,939,0,0,-8092540
8,187,669,939,0,0,-8224126
8,188,669,939,0,0,-7895161
8,189,669,939,0,0,-7960954
8,190,678,939,1.161,0.581,-8882056
8,191,678,939,0,0,-9342607
8,192,678,939,0,0,-8947849
8,193,678,939,0,0,-8092540
8,194,678,939,0,0,-8026747
8,195,678,939,0,0,-8158333
8,196,678,939,0,0,-7895161
8,197,678,939,0,0,-9474193
8,198,678,939,0,0,-10132123
8,199,678,939,0,0,-10395295
8,200,678,939,0,0,-9145228
9,1,159,774,-1,-1,-9671572
9,2,159,774,0,0,-10197916
9,3,159,774,0,0,-10197916
9,4,159,774,0,0,-11316397
9,5,159,774,0,0,-11579569
9,6,159,774,0,0,-11776948
9,7,159,774,0,0,-11513776
9,8,159,774,0,0,-11645362
9,9,159,774,0,0,-11513776
9,10,174,765,2.257,1.128,-8684677
9,11,174,765,0,0,-6645094
9,12,174,765,0,0,-6316129
9,13,174,765,0,0,-6776680
9,14,174,765,0,0,-7566196
9,15,174,765,0,0,-7895161
9,16,174,765,0,0,-7763575
9,17,174,765,0,0,-7763575
9,18,174,765,0,0,-8355712
9,19,174,765,0,0,-9079435
9,20,174,765,0,0,-9342607
9,21,174,765,0,0,-9276814
9,22,174,765,0,0,-8553091
9,23,174,765,0,0,-8224126
9,24,174,765,0,0,-8224126
9,25,174,765,0,0,-9276814
9,26,174,765,0,0,-8882056
9,27,183,765,1.161,0.581,-10132123
9,28,183,765,0,0,-10395295
9,29,183,765,0,0,-8684677
9,30,183,765,0,0,-6513508
9,31,183,765,0,0,-6513508
9,32,183,765,0,0,-6513508
9,33,183,765,0,0,-8553091
9,34,183,765,0,0,-7697782
9,35,183,765,0,0,-9145228
9,36,183,765,0,0,-6974059
9,37,183,765,0,0,-9803158
9,38,222,789,5.907,2.954,-9342607
9,39,222,789,0,0,-9145228
9,40,222,789,0,0,-8947849
9,41,222,789,0,0,-8816263
9,42,222,789,0,0,-8947849
9,43,222,789,0,0,-8355712
9,44,222,789,0,0,-8421505
9,45,222,789,0,0,-8684677
9,63,315,801,12.096,6.048,-9474193
9,64,315,801,0,0,-7960954
9,65,315,801,0,0,-7105645
9,66,315,801,0,0,-9934744
9,67,315,801,0,0,-9934744
9,68,315,801,0,0,-10395295
9,69,333,810,2.596,1.298,-7697782
9,70,333,810,0,0,-6776680
9,71,333,810,0,0,-6842473
9,72,333,810,0,0,-7434610
9,73,333,810,0,0,-7303024
9,74,333,810,0,0,-7303024
9,75,333,810,0,0,-7171438
9,76,333,810,0,0,-7434610
9,77,342,816,1.395,0.698,-8684677
9,78,342,816,0,0,-8092540
9,79,342,816,0,0,-8026747
9,80,342,816,0,0,-7303024
9,81,342,816,0,0,-7303024
9,82,342,816,0,0,-6908266
9,83,342,816,0,0,-7368817
9,84,342,816,0,0,-6513508
9,85,342,816,0,0,-8816263
9,86,342,816,0,0,-9276814
9,87,342,816,0,0,-9342607
9,88,342,816,0,0,-9342607
9,89,357,819,1.973,0.987,-7829368
9,90,357,819,0,0,-8026747
9,91,357,819,0,0,-8816263
9,119,471,873,16.272,8.136,-9474193
9,120,471,873,0,0,-9605779
9,121,471,873,0,0,-9803158
9,122,471,873,0,0,-9342607
9,123,495,885,3.461,1.731,-9803158
9,124,495,885,0,0,-9803158
9,125,495,885,0,0,-9605779
9,126,495,885,0,0,-8421505
9,127,495,885,0,0,-6908266
9,128,495,885,0,0,-6776680
9,129,495,885,0,0,-7105645
9,130,495,885,0,0,-7960954
9,131,495,885,0,0,-7960954
9,132,495,885,0,0,-7631989
9,133,495,885,0,0,-7500403
9,134,495,885,0,0,-7500403
9,135,495,885,0,0,-6184543
9,136,495,885,0,0,-6908266
9,137,495,885,0,0,-6974059
9,138,495,885,0,0,-9671572
9,139,519,903,3.87,1.935,-7171438
9,140,519,903,0,0,-7895161
9,141,519,903,0,0,-8289919
9,142,519,903,0,0,-8224126
9,170,594,972,13.147,6.573,-7895161
9,171,594,972,0,0,-8158333
9,172,594,972,0,0,-7895161
9,173,594,972,0,0,-8092540
9,174,594,972,0,0,-8092540
9,175,594,972,0,0,-8684677
9,176,594,972,0,0,-8553091
9,177,594,972,0,0,-8158333
9,178,594,972,0,0,-8092540
9,179,594,972,0,0,-7895161
9,180,594,972,0,0,-8355712
9,181,594,972,0,0,-8553091
9,182,594,972,0,0,-8553091
9,183,594,972,0,0,-8224126
9,184,594,972,0,0,-9737365
9,185,603,987,2.257,1.128,-9803158
9,186,603,987,0,0,-9342607
9,187,603,987,0,0,-8816263
9,188,603,987,0,0,-8750470
9,189,603,987,0,0,-9079435
9,190,603,987,0,0,-8355712
9,191,603,987,0,0,-8224126
9,192,603,987,0,0,-8224126
9,193,603,987,0,0,-8092540
9,194,603,987,0,0,-8553091
9,195,603,987,0,0,-8618884
10,1,717,933,-1,-1,-8618884
10,2,717,933,0,0,-9145228
10,3,717,933,0,0,-9145228
10,4,723,933,0.774,0.387,-8553091
10,5,723,933,0,0,-9276814
10,6,723,933,0,0,-8092540
10,7,732,948,2.257,1.128,-8421505
10,8,732,948,0,0,-9013642
10,9,732,948,0,0,-8947849
10,10,744,957,1.935,0.968,-8355712
10,11,744,957,0,0,-8750470
10,12,744,957,0,0,-8553091
10,13,744,957,0,0,-8289919
10,14,744,957,0,0,-8487298
10,15,744,972,1.935,0.968,-8553091
10,16,744,972,0,0,-8289919
10,17,744,972,0,0,-8289919
10,18,744,972,0,0,-8224126
10,19,744,972,0,0,-8487298
10,20,732,990,2.791,1.395,-8092540
10,21,732,990,0,0,-8224126
10,22,732,990,0,0,-8947849
10,23,732,990,0,0,-8487298
10,24,735,1002,1.596,0.798,-8487298
10,25,735,1002,0,0,-8289919
10,26,735,1002,0,0,-8092540
10,27,735,1002,0,0,-8158333
10,28,735,1002,0,0,-8289919
10,29,735,1002,0,0,-8158333
10,30,735,1002,0,0,-8224126
10,31,735,1002,0,0,-8224126
10,32,741,999,0.865,0.433,-8224126
10,33,741,999,0,0,-8289919
10,34,741,999,0,0,-8289919
10,35,741,999,0,0,-8487298
10,36,741,999,0,0,-10066330
10,37,774,993,4.327,2.163,-8224126
10,38,774,993,0,0,-8224126
10,39,774,993,0,0,-8289919
10,40,774,993,0,0,-9737365
10,41,801,993,3.483,1.742,-8684677
10,42,801,993,0,0,-8553091
10,43,801,993,0,0,-8421505
10,44,801,993,0,0,-8618884
10,45,801,993,0,0,-11382190
10,46,801,993,0,0,-11382190
10,47,807,1023,3.947,1.973,-8158333
10,48,807,1023,0,0,-8355712
10,49,807,1023,0,0,-8947849
10,50,807,1023,0,0,-8684677
10,51,822,1047,3.651,1.825,-8026747
10,52,822,1047,0,0,-8092540
10,53,822,1047,0,0,-8092540
10,54,822,1047,0,0,-8158333
10,55,822,1047,0,0,-8289919
10,56,822,1047,0,0,-8092540
10,57,822,1047,0,0,-8618884
10,58,855,1056,4.412,2.206,-8553091
10,59,855,1056,0,0,-8684677
10,60,855,1056,0,0,-8684677
10,61,855,1056,0,0,-8684677
10,62,855,1056,0,0,-7763575
10,63,855,1056,0,0,-7763575
10,64,876,1068,3.12,1.56,-8092540
10,65,876,1068,0,0,-10724260
10,66,876,1068,0,0,-7895161
10,67,876,1068,0,0,-7895161
10,68,891,1092,3.651,1.825,-8355712
10,69,891,1092,0,0,-8355712
10,70,891,1092,0,0,-9474193
10,71,909,1095,2.354,1.177,-8224126
10,72,909,1095,0,0,-8224126
10,73,909,1095,0,0,-8026747
10,74,909,1095,0,0,-8026747
10,75,909,1095,0,0,-8355712
10,76,909,1095,0,0,-8553091
10,77,918,1107,1.935,0.968,-8355712
10,78,918,1107,0,0,-8158333
10,79,918,1107,0,0,-8158333
10,80,918,1107,0,0,-8684677
10,81,918,1107,0,0,-8684677
10,82,918,1107,0,0,-8421505
10,83,918,1107,0,0,-8487298
10,84,918,1107,0,0,-8355712
10,85,918,1107,0,0,-8487298
10,86,879,1122,5.39,2.695,-8224126
10,87,879,1122,0,0,-8355712
10,88,879,1122,0,0,-8355712
10,89,879,1122,0,0,-8487298
10,90,849,1152,5.473,2.737,-7368817
10,91,849,1152,0,0,-10724260
10,92,849,1152,0,0,-10066330
10,93,822,1203,7.444,3.722,-8684677
10,94,822,1203,0,0,-9803158
10,95,822,1203,0,0,-8882056
10,96,792,1230,5.207,2.603,-8487298
10,97,792,1230,0,0,-8224126
10,98,792,1230,0,0,-8487298
10,99,792,1230,0,0,-9145228
10,100,792,1230,0,0,-7763575
10,101,792,1230,0,0,-7895161
10,102,789,1269,5.046,2.523,-8487298
10,103,789,1269,0,0,-8487298
10,104,789,1269,0,0,-8421505
10,105,789,1269,0,0,-8026747
10,106,789,1269,0,0,-9539986
10,107,789,1269,0,0,-8684677
10,108,789,1269,0,0,-7895161
10,109,828,1290,5.714,2.857,-8553091
10,110,828,1290,0,0,-8553091
10,111,828,1290,0,0,-8289919
10,112,828,1290,0,0,-8947849
10,113,855,1305,3.984,1.992,-8553091
10,114,855,1305,0,0,-10592674
10,115,855,1305,0,0,-8026747
10,116,855,1305,0,0,-8355712
10,117,855,1329,3.096,1.548,-8684677
10,118,855,1329,0,0,-9145228
10,119,855,1329,0,0,-10263709
10,120,855,1329,0,0,-9803158
10,121,879,1347,3.87,1.935,-8684677
10,122,879,1347,0,0,-8355712
10,123,879,1347,0,0,-8421505
10,124,879,1347,0,0,-8421505
10,125,879,1347,0,0,-8553091
10,126,879,1347,0,0,-11053225
10,127,837,1386,7.394,3.697,-8750470
10,128,837,1386,0,0,-8553091
10,129,837,1386,0,0,-8816263
10,130,837,1386,0,0,-8947849
10,131,837,1401,1.935,0.968,-8421505
10,132,837,1401,0,0,-8750470
10,133,837,1401,0,0,-8289919
10,134,837,1401,0,0,-8421505
10,135,837,1401,0,0,-8355712
10,136,837,1401,0,0,-8487298
10,137,858,1407,2.817,1.409,-8618884
10,138,858,1407,0,0,-9276814
10,139,858,1407,0,0,-9276814
10,140,858,1407,0,0,-9868951
10,141,873,1440,4.676,2.338,-8224126
10,142,873,1440,0,0,-9671572
10,143,912,1455,5.39,2.695,-8553091
10,144,912,1455,0,0,-8289919
10,145,912,1455,0,0,-8224126
10,146,933,1452,2.737,1.368,-8092540
10,147,933,1452,0,0,-8553091
10,148,933,1452,0,0,-8158333
10,149,933,1452,0,0,-8224126
10,150,948,1452,1.935,0.968,-8750470
10,151,948,1452,0,0,-8289919
10,152,948,1452,0,0,-8553091
10,153,948,1458,0.774,0.387,-8355712
10,154,948,1458,0,0,-8289919
10,155,948,1458,0,0,-8224126
10,156,948,1458,0,0,-8158333
10,157,948,1458,0,0,-8553091
10,158,975,1452,3.568,1.784,-8355712
10,159,975,1452,0,0,-8553091
10,160,975,1452,0,0,-8553091
10,161,975,1452,0,0,-8421505
10,162,975,1452,0,0,-8355712
10,163,972,1458,0.865,0.433,-8224126
10,164,972,1458,0,0,-8158333
10,165,972,1458,0,0,-8158333
10,166,972,1458,0,0,-8355712
10,167,972,1458,0,0,-8355712
10,168,972,1458,0,0,-8158333
10,169,972,1458,0,0,-8421505
10,170,966,1470,1.731,0.865,-8947849
10,171,966,1470,0,0,-8618884
10,172,966,1470,0,0,-8487298
10,173,966,1470,0,0,-8553091
10,174,966,1470,0,0,-8553091
10,175,966,1470,0,0,-8224126
10,176,966,1470,0,0,-8224126
10,177,966,1470,0,0,-8618884
10,178,948,1458,2.791,1.395,-8487298
10,179,948,1458,0,0,-8553091
10,180,948,1458,0,0,-8553091
10,181,948,1458,0,0,-8289919
10,182,948,1458,0,0,-8289919
10,183,948,1458,0,0,-8355712
10,184,948,1458,0,0,-8553091
10,185,948,1458,0,0,-8553091
10,186,921,1470,3.812,1.906,-8487298
10,187,921,1470,0,0,-8355712
10,188,921,1470,0,0,-8224126
10,189,921,1470,0,0,-8355712
10,190,921,1470,0,0,-8158333
10,191,921,1470,0,0,-8553091
10,192,756,1488,21.411,10.706,-9868951
10,193,756,1488,0,0,-7697782
10,194,756,1488,0,0,-7237231
11,1,465,780,-1,-1,106
11,2,465,780,0,0,128
11,3,465,780,0,0,128
11,4,465,780,0,0,121
11,5,468,780,0.387,0.194,117
11,6,474,792,1.731,0.865,121
11,7,474,792,0,0,106
11,8,474,792,0,0,90
11,9,468,798,1.095,0.547,86
11,10,468,798,0,0,86
11,11,468,798,0,0,88
11,12,468,798,0,0,90
11,13,468,798,0,0,89
11,14,468,798,0,0,97
11,15,468,798,0,0,101
11,16,486,801,2.354,1.177,99
11,17,486,801,0,0,99
11,18,486,801,0,0,103
11,19,486,801,0,0,95
11,20,486,801,0,0,97
11,21,486,801,0,0,91
11,22,486,801,0,0,88
11,23,519,834,6.02,3.01,140
11,24,519,834,0,0,140
11,25,519,834,0,0,137
11,26,519,834,0,0,112
11,27,519,834,0,0,95
11,28,519,834,0,0,86
11,29,519,834,0,0,99
11,30,519,834,0,0,95
11,31,519,834,0,0,95
11,32,519,834,0,0,96
11,33,519,834,0,0,120
11,34,519,834,0,0,128
11,35,519,834,0,0,97
11,36,519,834,0,0,92
11,37,519,834,0,0,106
11,38,534,834,1.935,0.968,108
11,39,534,834,0,0,96
11,40,534,834,0,0,109
11,41,534,834,0,0,107
11,42,534,834,0,0,98
11,43,534,834,0,0,103
11,44,534,834,0,0,90
11,45,537,837,0.547,0.274,93
11,46,537,837,0,0,93
11,47,537,837,0,0,80
11,48,558,837,2.709,1.355,119
11,49,558,837,0,0,100
11,50,558,837,0,0,95
11,51,558,837,0,0,87
11,52,558,837,0,0,84
11,53,558,837,0,0,84
11,54,564,855,2.448,1.224,92
11,55,564,855,0,0,86
11,56,564,855,0,0,85
11,57,576,858,1.596,0.798,99
11,58,576,858,0,0,89
11,59,576,858,0,0,79
11,60,597,864,2.817,1.409,109
11,61,597,864,0,0,101
11,62,597,864,0,0,79
11,63,612,900,5.031,2.516,98
11,64,612,900,0,0,104
11,65,612,900,0,0,94
11,66,612,900,0,0,90
11,67,612,900,0,0,90
11,68,642,900,3.87,1.935,94
11,69,642,900,0,0,111
11,70,642,900,0,0,116
11,71,642,900,0,0,114
11,72,642,900,0,0,108
11,73,642,900,0,0,104
11,74,642,900,0,0,104
11,75,642,900,0,0,99
11,76,642,900,0,0,100
11,77,654,909,1.935,0.968,121
11,78,654,909,0,0,111
11,79,654,909,0,0,115
11,80,666,918,1.935,0.968,116
11,81,666,918,0,0,116
11,82,666,918,0,0,118
11,83,666,918,0,0,120
11,84,666,918,0,0,116
11,85,666,918,0,0,108
11,86,630,921,4.66,2.33,82
11,87,636,921,0.774,0.387,97
11,88,636,921,0,0,97
11,89,633,936,1.973,0.987,111
11,90,633,936,0,0,89
11,91,633,936,0,0,85
11,92,633,936,0,0,81
11,93,633,936,0,0,79
11,94,633,936,0,0,75
11,95,660,957,4.412,2.206,85
11,96,660,957,0,0,85
11,97,660,957,0,0,76
11,98,660,957,0,0,91
11,99,660,957,0,0,90
11,100,660,969,1.548,0.774,91
11,101,660,969,0,0,91
11,102,693,972,4.275,2.137,101
11,103,693,972,0,0,101
11,104,693,972,0,0,105
11,105,693,972,0,0,96
11,106,693,972,0,0,91
11,107,693,972,0,0,94
11,108,693,972,0,0,80
11,109,732,987,5.39,2.695,113
11,110,732,987,0,0,113
11,111,741,987,1.161,0.581,107
11,112,729,1014,3.812,1.906,123
11,113,729,1014,0,0,99
11,114,729,1014,0,0,90
11,115,729,1014,0,0,82
11,116,729,1014,0,0,87
11,117,729,1059,5.805,2.902,97
11,118,729,1059,0,0,122
11,119,729,1059,0,0,137
11,120,729,1059,0,0,116
11,121,729,1059,0,0,90
11,122,735,1059,0.774,0.387,106
11,123,735,1059,0,0,97
11,124,735,1059,0,0,97
11,125,735,1059,0,0,99
11,126,738,1059,0.387,0.194,115
11,127,738,1068,1.161,0.581,106
11,128,738,1068,0,0,101
11,129,738,1068,0,0,98
11,130,738,1068,0,0,96
11,131,738,1068,0,0,96
11,132,738,1068,0,0,85
11,133,747,1098,4.04,2.02,107
11,134,747,1098,0,0,114
11,135,747,1098,0,0,106
11,136,744,1098,0.387,0.194,108
11,137,744,1098,0,0,101
11,138,744,1104,0.774,0.387,97
11,139,744,1104,0,0,97
11,140,744,1104,0,0,80
11,141,753,1122,2.596,1.298,85
11,142,753,1122,0,0,79
11,143,753,1122,0,0,78
11,144,789,1161,6.847,3.423,106
11,145,789,1161,0,0,106
11,146,816,1170,3.671,1.836,133
11,147,816,1170,0,0,130
11,148,816,1170,0,0,128
11,149,816,1170,0,0,121
11,150,810,1185,2.084,1.042,94
11,151,810,1185,0,0,97
11,152,810,1185,0,0,106
11,153,810,1185,0,0,106
11,154,810,1185,0,0,108
11,155,813,1185,0.387,0.194,137
11,156,810,1185,0.387,0.194,137
11,157,807,1191,0.865,0.433,98
11,158,807,1191,0,0,106
11,159,807,1191,0,0,99
11,160,807,1191,0,0,99
11,161,807,1191,0,0,99
11,162,810,1191,0.387,0.194,104
11,163,810,1191,0,0,109
11,164,813,1194,0.547,0.274,130
11,165,813,1194,0,0,121
11,166,813,1194,0,0,110
11,167,813,1194,0,0,110
11,168,813,1194,0,0,105
11,169,816,1221,3.504,1.752,130
11,170,816,1221,0,0,132
11,171,816,1221,0,0,128
11,172,816,1221,0,0,130
11,173,816,1221,0,0,132
11,174,816,1221,0,0,132
11,175,825,1215,1.395,0.698,123
11,176,825,1215,0,0,130
11,177,825,1215,0,0,144
11,178,825,1215,0,0,144
11,179,825,1215,0,0,147
11,180,825,1215,0,0,152
11,181,825,1215,0,0,152
11,182,825,1215,0,0,152
11,183,825,1215,0,0,137
11,184,825,1215,0,0,152
11,185,825,1215,0,0,158
11,186,825,1215,0,0,153
11,187,825,1215,0,0,145
11,188,825,1215,0,0,144
11,189,825,1215,0,0,128
11,190,825,1215,0,0,119
11,191,825,1215,0,0,99
11,192,825,1215,0,0,99
11,193,816,1230,2.257,1.128,120
11,194,816,1230,0,0,108
11,195,816,1230,0,0,99
11,196,816,1230,0,0,106
11,197,816,1230,0,0,105
11,198,816,1230,0,0,118
11,199,816,1230,0,0,107
11,200,786,1272,6.658,3.329,123
11,201,786,1272,0,0,108
11,202,786,1272,0,0,121
11,203,786,1272,0,0,126
11,204,786,1272,0,0,94
11,205,765,1329,7.836,3.918,143
11,206,765,1329,0,0,120
11,207,765,1329,0,0,124
11,208,765,1329,0,0,125
11,209,765,1329,0,0,121
11,210,765,1329,0,0,123
11,211,765,1329,0,0,132
11,212,765,1329,0,0,132
11,213,765,1329,0,0,109
11,214,765,1329,0,0,103
11,215,765,1329,0,0,104
11,216,765,1329,0,0,113
11,217,765,1329,0,0,119
11,218,750,1335,2.084,1.042,116
11,219,750,1335,0,0,100
11,220,750,1335,0,0,94
11,221,750,1335,0,0,92
11,222,744,1344,1.395,0.698,116
11,223,744,1344,0,0,133
11,224,744,1344,0,0,77
11,225,729,1395,6.858,3.429,112
11,226,729,1395,0,0,110
11,227,729,1395,0,0,94
11,228,717,1446,6.759,3.379,129
11,229,717,1446,0,0,139
11,230,717,1446,0,0,108
11,231,717,1446,0,0,85
11,232,672,1548,14.382,7.191,96
11,233,672,1548,0,0,103
11,234,672,1548,0,0,81
11,235,672,1548,0,0,75
11,236,648,1611,8.697,4.348,128
11,237,648,1611,0,0,131
11,238,648,1611,0,0,130
11,239,648,1611,0,0,133
11,240,648,1611,0,0,133
11,241,648,1611,0,0,136
11,242,648,1611,0,0,128
11,243,648,1611,0,0,119
11,244,648,1611,0,0,132
11,245,648,1611,0,0,141
11,246,648,1611,0,0,141
11,247,648,1611,0,0,142
11,248,648,1611,0,0,144
11,249,648,1611,0,0,160
11,250,648,1611,0,0,146
11,251,648,1611,0,0,139
11,252,648,1611,0,0,133
11,253,648,1611,0,0,133
11,254,651,1611,0.387,0.194,140
11,255,651,1611,0,0,136
11,256,651,1611,0,0,92
11,257,651,1611,0,0,92
11,258,636,1650,5.39,2.695,128
11,259,636,1650,0,0,118
11,260,636,1650,0,0,101
11,261,636,1650,0,0,92
11,262,624,1704,7.136,3.568,132
11,263,624,1704,0,0,107
11,264,624,1704,0,0,107
11,265,612,1743,5.264,2.632,114
11,266,612,1743,0,0,106
11,267,612,1743,0,0,130
11,268,612,1743,0,0,86
11,269,612,1743,0,0,81
11,270,594,1830,11.461,5.73,91
11,271,594,1830,0,0,92
11,272,594,1830,0,0,85
11,273,549,1884,9.068,4.534,116
11,274,549,1884,0,0,110
11,275,549,1884,0,0,103
11,276,549,1884,0,0,106
11,277,549,1884,0,0,100
11,278,549,1884,0,0,100
11,279,549,1884,0,0,104
11,280,549,1884,0,0,102
11,281,549,1884,0,0,99
11,282,525,1926,6.24,3.12,122
11,283,525,1926,0,0,123
11,284,525,1926,0,0,122
11,285,525,1926,0,0,117
11,286,525,1926,0,0,108
11,287,525,1926,0,0,121
11,288,525,1926,0,0,118
11,289,525,1926,0,0,121
11,290,525,1926,0,0,140
11,291,525,1926,0,0,125
11,292,525,1926,0,0,113
12,1,216,726,-1,-1,132
12,2,216,726,0,0,119
12,3,216,726,0,0,119
12,4,216,726,0,0,71
12,5,240,735,3.307,1.653,132
12,6,240,735,0,0,126
12,7,240,735,0,0,113
12,8,240,735,0,0,113
12,9,240,735,0,0,99
12,10,240,735,0,0,99
12,11,240,735,0,0,114
12,12,240,735,0,0,116
12,13,240,735,0,0,119
12,14,255,738,1.973,0.987,136
12,15,255,738,0,0,130
12,16,255,738,0,0,130
12,17,255,738,0,0,130
12,18,255,738,0,0,137
12,19,255,738,0,0,132
12,20,255,738,0,0,125
12,21,255,738,0,0,114
12,22,255,738,0,0,121
12,23,255,738,0,0,133
12,24,255,738,0,0,133
12,25,255,738,0,0,114
12,26,255,738,0,0,106
12,27,255,750,1.548,0.774,141
12,28,255,750,0,0,134
12,29,255,750,0,0,120
12,30,255,750,0,0,114
12,31,255,750,0,0,114
12,32,255,750,0,0,113
12,33,255,750,0,0,111
12,34,273,750,2.322,1.161,114
12,35,273,750,0,0,121
12,36,273,750,0,0,124
12,37,273,750,0,0,92
12,38,273,750,0,0,92
12,39,276,753,0.547,0.274,77
12,40,276,753,0,0,87
12,41,276,753,0,0,89
12,42,303,759,3.568,1.784,92
12,43,303,759,0,0,96
12,44,303,759,0,0,128
12,45,303,759,0,0,113
12,46,303,759,0,0,113
12,47,318,762,1.973,0.987,140
12,48,318,762,0,0,78
12,49,318,762,0,0,89
12,50,342,747,3.651,1.825,105
12,51,342,747,0,0,85
12,52,342,747,0,0,122
12,53,342,747,0,0,122
12,54,348,759,1.731,0.865,133
12,55,348,759,0,0,113
12,56,348,759,0,0,108
12,57,348,759,0,0,109
12,58,348,759,0,0,102
12,59,348,759,0,0,97
12,60,357,771,1.935,0.968,114
12,61,357,771,0,0,125
12,62,357,771,0,0,134
12,63,357,771,0,0,106
12,64,387,786,4.327,2.163,119
12,65,387,786,0,0,117
12,66,387,786,0,0,109
12,67,408,795,2.947,1.474,140
12,68,408,795,0,0,136
12,69,408,795,0,0,109
12,70,408,795,0,0,127
12,71,408,795,0,0,136
12,72,408,795,0,0,154
12,73,420,807,2.189,1.095,136
12,74,420,807,0,0,136
12,75,420,807,0,0,133
12,76,420,807,0,0,137
12,77,420,807,0,0,125
12,78,420,807,0,0,133
12,79,420,807,0,0,121
12,80,420,807,0,0,111
12,81,420,813,0.774,0.387,130
12,82,420,813,0,0,130
12,83,420,813,0,0,128
12,84,420,813,0,0,118
12,85,420,813,0,0,135
12,86,420,813,0,0,117
12,87,420,813,0,0,124
12,88,420,813,0,0,124
12,89,420,813,0,0,125
12,90,420,813,0,0,120
12,91,444,828,3.651,1.825,110
12,92,444,828,0,0,81
12,93,444,828,0,0,127
12,94,444,828,0,0,128
12,95,462,822,2.448,1.224,86
12,96,462,822,0,0,86
12,97,462,822,0,0,90
12,98,480,831,2.596,1.298,125
12,99,480,831,0,0,146
12,100,480,831,0,0,142
12,101,480,831,0,0,90
12,102,480,831,0,0,86
12,103,492,846,2.478,1.239,108
12,104,492,846,0,0,138
12,105,492,846,0,0,113
12,106,492,846,0,0,80
12,107,516,849,3.12,1.56,109
12,108,516,849,0,0,85
12,109,516,849,0,0,78
12,110,516,849,0,0,78
12,111,516,849,0,0,76
12,112,537,861,3.12,1.56,129
12,113,537,861,0,0,113
12,114,537,861,0,0,91
12,115,546,891,4.04,2.02,116
12,116,546,891,0,0,121
12,117,546,891,0,0,121
12,118,546,891,0,0,125
12,119,546,891,0,0,125
12,120,546,891,0,0,124
12,121,546,891,0,0,128
12,122,546,891,0,0,119
12,123,555,891,1.161,0.581,130
12,124,555,891,0,0,130
12,125,555,891,0,0,108
12,126,555,891,0,0,113
12,127,555,891,0,0,105
12,128,555,891,0,0,84
12,129,576,918,4.412,2.206,116
12,130,576,918,0,0,103
12,131,576,918,0,0,103
12,132,576,918,0,0,100
12,133,576,918,0,0,100
12,134,576,918,0,0,106
12,135,576,918,0,0,113
12,136,576,918,0,0,125
12,137,582,918,0.774,0.387,128
12,138,582,918,0,0,114
12,139,582,918,0,0,114
12,140,582,918,0,0,85
12,141,618,951,6.3,3.15,116
12,142,618,951,0,0,118
12,143,618,951,0,0,136
12,144,654,969,5.192,2.596,113
12,145,654,969,0,0,124
12,146,654,969,0,0,124
12,147,654,969,0,0,126
12,148,654,969,0,0,128
12,149,654,969,0,0,121
12,150,654,969,0,0,119
12,151,663,972,1.224,0.612,115
12,152,663,972,0,0,101
12,153,663,972,0,0,101
12,154,663,972,0,0,115
12,155,663,972,0,0,107
12,156,663,972,0,0,115
12,157,663,972,0,0,113
12,158,663,972,0,0,108
12,159,660,978,0.865,0.433,137
12,160,660,978,0,0,137
12,161,660,978,0,0,132
12,162,660,978,0,0,98
12,163,657,1008,3.889,1.945,93
12,164,657,1008,0,0,112
12,165,657,1008,0,0,112
12,166,657,1008,0,0,111
12,167,657,1008,0,0,111
12,168,678,993,3.329,1.665,119
12,169,678,993,0,0,119
12,170,678,993,0,0,107
12,171,678,993,0,0,109
12,172,678,993,0,0,113
12,173,678,993,0,0,113
12,174,678,993,0,0,113
12,175,678,993,0,0,107
12,176,678,993,0,0,103
12,177,678,993,0,0,103
12,178,666,999,1.731,0.865,126
12,179,666,999,0,0,128
12,180,666,999,0,0,131
12,181,666,999,0,0,124
12,182,666,999,0,0,124
12,183,666,999,0,0,137
12,184,666,999,0,0,107
12,185,666,999,0,0,101
12,186,666,999,0,0,89
12,187,684,1017,3.284,1.642,125
12,188,684,1017,0,0,123
12,189,684,1017,0,0,106
12,190,684,1017,0,0,118
12,191,684,1017,0,0,130
12,192,684,1017,0,0,137
12,193,684,1017,0,0,128
12,194,684,1017,0,0,136
12,195,684,1017,0,0,136
12,196,684,1017,0,0,138
12,197,684,1017,0,0,112
12,198,684,1017,0,0,111
12,199,684,1017,0,0,109
12,200,684,1017,0,0,113
12,201,684,1017,0,0,105
12,202,684,1017,0,0,142
12,203,708,1050,5.264,2.632,137
12,204,708,1050,0,0,100
12,205,708,1050,0,0,100
12,206,708,1050,0,0,125
12,207,708,1050,0,0,125
12,208,708,1050,0,0,131
12,209,708,1050,0,0,126
12,210,708,1050,0,0,114
12,211,708,1050,0,0,83
12,212,708,1050,0,0,83
12,213,708,1050,0,0,96
12,214,708,1050,0,0,97
12,215,708,1050,0,0,87
12,216,705,1098,6.204,3.102,83
12,217,705,1098,0,0,99
12,218,705,1098,0,0,99
12,219,705,1098,0,0,108
12,220,705,1098,0,0,113
12,221,705,1098,0,0,123
12,222,705,1098,0,0,85
12,223,705,1098,0,0,90
12,224,705,1098,0,0,105
12,225,696,1137,5.163,2.582,106
12,226,696,1137,0,0,113
12,227,696,1137,0,0,88
12,228,696,1137,0,0,127
12,229,696,1137,0,0,130
12,230,693,1206,8.909,4.455,107
12,231,693,1206,0,0,132
12,232,693,1206,0,0,130
12,233,699,1311,13.567,6.784,120
12,234,699,1311,0,0,131
12,235,699,1311,0,0,125
12,236,699,1311,0,0,103
12,237,681,1359,6.613,3.307,92
12,238,681,1359,0,0,103
12,239,681,1359,0,0,113
12,240,681,1359,0,0,109
12,241,681,1359,0,0,120
12,242,681,1359,0,0,150
12,243,681,1359,0,0,127
12,244,681,1359,0,0,97
12,245,681,1359,0,0,114
12,246,681,1359,0,0,114
12,247,699,1374,3.023,1.511,122
12,248,699,1374,0,0,122
12,249,699,1374,0,0,103
12,250,699,1374,0,0,109
12,251,699,1374,0,0,105
12,252,699,1374,0,0,128
12,253,699,1374,0,0,128
12,254,699,1374,0,0,89
12,255,699,1374,0,0,95
12,256,699,1374,0,0,75
12,257,699,1416,5.418,2.709,104
12,258,699,1416,0,0,104
12,259,699,1416,0,0,128
12,260,699,1416,0,0,139
12,261,699,1416,0,0,99
12,262,699,1416,0,0,113
12,263,666,1455,6.59,3.295,114
12,264,666,1455,0,0,114
12,265,666,1455,0,0,109
12,266,666,1455,0,0,98
12,267,666,1455,0,0,105
12,268,651,1572,15.217,7.608,149
12,269,651,1572,0,0,84
12,270,651,1611,5.031,2.516,92
12,271,651,1611,0,0,113
12,272,639,1653,5.635,2.817,129
12,273,639,1653,0,0,146
12,274,639,1653,0,0,147
12,275,639,1653,0,0,134
12,276,639,1653,0,0,119
12,277,618,1662,2.947,1.474,128
12,278,618,1662,0,0,128
12,279,618,1662,0,0,116
12,280,618,1662,0,0,108
12,281,618,1662,0,0,114
12,282,618,1662,0,0,116
12,283,618,1662,0,0,132
12,284,618,1662,0,0,139
12,285,618,1662,0,0,121
12,286,600,1677,3.023,1.511,117
12,287,600,1677,0,0,127
12,288,600,1677,0,0,122
12,289,600,1668,1.161,0.581,99
12,290,600,1668,0,0,106
12,291,600,1668,0,0,126
12,292,585,1707,5.39,2.695,134